5.0553353E-9,
0.10370664,
0.10370664,
0.10370664,
0.10242631,
0.10242631,
0.10114598,
0.10114598,
0.10114598,
0.09474434,
0.097305,
0.097305,
0.09602467,
0.09474434,
0.09474434,
0.097305,
0.09474434,
0.09474434,
0.09602467,
0.09602467,
0.09602467,
0.09602467,
0.097305,
0.097305,
0.09602467,
0.09602467,
0.09602467,
0.09474434,
0.09602467,
0.09602467,
0.09474434,
0.09602467,
0.09602467,
0.09474434,
0.09474434,
0.09474434,
0.09474434,
0.09474434,
0.09602467,
0.09602467,
0.09602467,
0.09346401,
0.09346401,
0.09474434,
0.09474434,
0.09474434,
0.09474434,
0.09602467,
0.09602467,
0.09474434,
0.09474434,
0.09474434,
0.09602467,
0.09474434,
0.09474434,
0.09602467,
0.09602467,
0.09602467,
0.09346401,
0.09474434,
0.09474434,
0.09602467,
0.09474434,
0.09474434,
0.09474434,
0.09474434,
0.09474434,
0.09474434,
0.09602467,
0.09602467,
0.09474434,
0.097305,
0.097305,
0.09602467,
0.09474434,
0.09474434,
0.09474434,
0.09474434,
0.09474434,
0.09474434,
0.09474434,
0.09474434,
0.09474434,
0.09474434,
0.09474434,
0.09474434,
0.09474434,
0.09474434,
0.09474434,
0.09474434,
0.09474434,
0.09474434,
0.09346401,
0.09474434,
0.09474434,
0.09474434,
0.09602467,
0.09602467,
0.09602467,
0.09474434,
0.09474434,
0.09474434,
0.09474434,
0.09474434,
0.09602467,
0.09602467,
0.09602467,
0.09474434,
0.09602467,
0.09602467,
0.09474434,
0.09602467,
0.09602467,
0.09602467,
0.09474434,
0.09474434,
0.09474434,
0.09474434,
0.09474434,
0.09474434,
0.097305,
0.097305,
0.09602467,
0.09474434,
0.09474434,
0.09602467,
0.09602467,
0.09602467,
0.09602467,
0.09602467,
0.09602467,
0.09602467,
0.09474434,
0.09474434,
0.09602467,
0.09602467,
0.097305,
0.097305,
0.097305,
0.09474434,
0.09474434,
0.09602467,
0.09602467,
0.09602467,
0.09602467,
0.09602467,
0.09602467,
0.09474434,
0.09602467,
0.09602467,
0.09602467,
0.09602467,
0.09602467,
0.09858533,
0.09602467,
0.09602467,
0.09602467,
0.09474434,
0.09474434,
0.09602467,
0.09602467,
0.09602467,
0.09602467,
0.09474434,
0.09474434,
0.09602467,
0.08706237,
0.08706237,
0.08962303,
0.09090336,
0.09090336,
0.09090336,
0.09090336,
0.09090336,
0.08962303,
0.11394927,
0.11394927,
0.108827956,
0.107547626,
0.09858533,
0.09858533,
0.097305,
0.09474434,
0.09474434,
0.09602467,
0.09602467,
0.09602467,
0.09474434,
0.09346401,
0.09346401,
0.09346401,
0.09474434,
0.09474434,
0.09474434,
0.09218368,
0.09218368,
0.09346401,
0.09346401,
0.09346401,
0.09346401,
0.09346401,
0.09346401,
0.09474434,
0.09474434,
0.09474434,
0.09474434,
0.09346401,
0.09346401,
0.09474434,
0.09346401,
0.09346401,
0.09474434,
0.0883427,
0.0883427,
0.04993283,
0.0883427,
0.0883427,
0.0883427,
0.08962303,
0.08962303,
0.08962303,
0.0883427,
0.09090336,
0.09090336,
0.09474434,
0.09474434,
0.09346401,
0.09218368,
0.08962303,
0.08962303,
0.09218368,
0.09090336,
0.09090336,
0.09218368,
0.09474434,
0.09474434,
0.09218368,
0.09218368,
0.09218368,
0.09346401,
0.09346401,
0.09346401,
0.09346401,
0.09090336,
0.09090336,
0.08962303,
0.09218368,
0.09218368,
0.09090336,
0.09090336,
0.09090336,
0.09346401,
0.09218368,
0.09218368,
0.09218368,
0.09090336,
0.09090336,
0.09090336,
0.09090336,
0.09090336,
0.09218368,
0.09218368,
0.09218368,
0.09346401,
0.09218368,
0.09218368,
0.09218368,
0.09090336,
0.09090336,
0.09090336,
0.09090336,
0.09090336,
0.09090336,
0.09218368,
0.09218368,
0.08962303,
0.08962303,
0.08962303,
0.08706237,
0.08962303,
0.08962303,
0.08962303,
0.08962303,
0.08962303,
0.09090336,
0.0883427,
0.0883427,
0.08706237,
0.08706237,
0.08706237,
0.08706237,
0.09346401,
0.09346401,
0.09218368,
0.09218368,
0.09218368,
0.09218368,
0.09346401,
0.09346401,
0.09218368,
0.09474434,
0.09346401,
0.09346401,
0.09090336,
0.08962303,
0.08962303,
0.08962303,
0.0883427,
0.0883427,
0.08706237,
0.08706237,
0.08706237,
0.0883427,
0.09218368,
0.09218368,
0.09218368,
0.09218368,
0.09218368,
0.09218368,
0.09218368,
0.09218368,
0.09218368,
0.06017546,
0.06017546,
0.043531187,
0.07425908,
0.07425908,
0.07810006,
0.08706237,
0.08706237,
0.09218368,
0.09346401,
0.09346401,
0.09474434,
0.09218368,
0.09218368,
0.09218368,
0.09218368,
0.09218368,
0.09218368,
0.09346401,
0.09346401,
0.09218368,
0.09346401,
0.09346401,
0.09218368,
0.09474434,
0.09474434,
0.09474434,
0.09602467,
0.09602467,
0.097305,
0.097305,
0.097305,
0.09986565,
0.09858533,
0.09858533,
0.09986565,
0.10114598,
0.09986565,
0.09986565,
0.09986565,
0.09986565,
0.09858533,
0.09986565,
0.10242631,
0.10242631,
0.10114598,
0.10114598,
0.10114598,
0.10242631,
0.10370664,
0.10370664,
0.10242631,
0.10242631,
0.10242631,
0.10242631,
0.10114598,
0.10114598,
0.10242631,
0.10114598,
0.10114598,
0.10370664,
0.10242631,
0.10242631,
0.10242631,
0.10242631,
0.10242631,
0.10114598,
0.10242631,
0.10242631,
0.10242631,
0.10242631,
0.10242631,
0.10242631,
0.10114598,
0.10114598,
0.10242631,
0.10370664,
0.10370664,
0.10242631,
0.10114598,
0.10114598,
0.10114598,
0.10114598,
0.10114598,
0.10114598,
0.10114598,
0.10114598,
0.09986565,
0.09986565,
0.09986565,
0.09986565,
0.10114598,
0.10114598,
0.10242631,
0.10242631,
0.10242631,
0.097305,
0.09346401,
0.09346401,
0.1152296,
0.09986565,
0.09986565,
0.09986565,
0.097305,
0.097305,
0.09858533,
0.108827956,
0.106267296,
0.106267296,
0.106267296,
0.10242631,
0.10242631,
0.10370664,
0.09986565,
0.09986565,
0.10242631,
0.10370664,
0.10370664,
0.10498697,
0.10370664,
0.10370664,
0.10370664,
0.10370664,
0.10370664,
0.10242631,
0.10370664,
0.10370664,
0.10242631,
0.09858533,
0.09858533,
0.09858533,
0.09858533,
0.09858533,
0.10114598,
0.10242631,
0.10242631,
0.10242631,
0.10370664,
0.11394927,
0.11394927,
0.09986565,
0.10242631,
0.10242631,
0.10114598,
0.09986565,
0.09986565,
0.09986565,
0.09986565,
0.09986565,
0.09986565,
0.09986565,
0.09986565,
0.09986565,
0.09986565,
0.09986565,
0.09858533,
0.09986565,
0.09986565,
0.09986565,
0.09858533,
0.09858533,
0.09858533,
0.09858533,
0.09858533,
0.09986565,
0.09986565,
0.09986565,
0.09986565,
0.097305,
0.097305,
0.09858533,
0.09858533,
0.09858533,
0.09858533,
0.09858533,
0.09858533,
0.09858533,
0.09986565,
0.09986565,
0.09986565,
0.10114598,
0.10114598,
0.10114598,
0.10242631,
0.10242631,
0.10114598,
0.10242631,
0.10242631,
0.10242631,
0.10242631,
0.10370664,
0.10370664,
0.10242631,
0.10242631,
0.10242631,
0.10370664,
0.10242631,
0.10242631,
0.10242631,
0.10242631,
0.10242631,
0.10114598,
0.10242631,
0.10242631,
0.10114598,
0.10242631,
0.10242631,
0.09986565,
0.09986565,
0.09986565,
0.09986565,
0.09986565,
0.09986565,
0.09986565,
0.09986565,
0.09986565,
0.09986565,
0.10370664,
0.10370664,
0.09986565,
0.09858533,
0.09858533,
0.10242631,
0.09986565,
0.09986565,
0.09986565,
0.09858533,
0.09858533,
0.097305,
0.10114598,
0.10114598,
0.097305,
0.09218368,
0.09218368,
0.09218368,
0.09858533,
0.09858533,
0.09858533,
0.09858533,
0.09858533,
0.09986565,
0.09986565,
0.09986565,
0.09986565,
0.09986565,
0.09986565,
0.09986565,
0.10114598,
0.09858533,
0.09858533,
0.09986565,
0.09858533,
0.09858533,
0.09986565,
0.09986565,
0.09986565,
0.10114598,
0.09986565,
0.09986565,
0.10114598,
0.09986565,
0.09986565,
0.09986565,
0.09858533,
0.09858533,
0.09986565,
0.09986565,
0.09986565,
0.09474434,
0.09602467,
0.09602467,
0.09474434,
0.09602467,
0.09602467,
0.097305,
0.09474434,
0.09474434,
0.09602467,
0.097305,
0.097305,
0.09602467,
0.10114598,
0.10114598,
0.09346401,
0.09602467,
0.09602467,
0.097305,
0.097305,
0.097305,
0.09858533,
0.097305,
0.097305,
0.097305,
0.097305,
0.097305,
0.097305,
0.097305,
0.09858533,
0.09858533,
0.097305,
0.097305,
0.097305,
0.097305,
0.09474434,
0.09474434,
0.09474434,
0.09474434,
0.09474434,
0.09346401,
0.09346401,
0.09346401,
0.09346401,
0.09346401,
0.09346401,
0.09474434,
0.09346401,
0.09346401,
0.09346401,
0.09474434,
0.09474434,
0.09346401,
0.09474434,
0.09474434,
0.09474434,
0.09474434,
0.09474434,
0.09474434,
0.09474434,
0.09474434,
0.09474434,
0.09474434,
0.09474434,
0.09474434,
0.09474434,
0.09474434,
0.09474434,
0.06657711,
0.09218368,
0.09218368,
0.09858533,
0.09858533,
0.09858533,
0.09858533,
0.097305,
0.097305,
0.097305,
0.097305,
0.097305,
0.09602467,
0.097305,
0.097305,
0.09858533,
0.09858533,
0.09858533,
0.09858533,
0.09986565,
0.09986565,
0.09986565,
0.09858533,
0.09858533,
0.09986565,
0.09986565,
0.09986565,
0.09986565,
0.09986565,
0.09986565,
0.10114598,
0.09986565,
0.09986565,
0.09986565,
0.10114598,
0.10114598,
0.10114598,
0.09986565,
0.09986565,
0.10114598,
0.10114598,
0.10114598,
0.09986565,
0.10114598,
0.10114598,
0.09858533,
0.09986565,
0.10114598,
0.10114598,
0.09986565,
0.10242631,
0.10242631,
0.10114598,
0.09986565,
0.09986565,
0.10114598,
0.10114598,
0.10114598,
0.10114598,
0.10242631,
0.10242631,
0.10114598,
0.10114598,
0.10114598,
0.10114598,
0.10114598,
0.10114598,
0.10242631,
0.10498697,
0.10498697,
0.10498697,
0.10370664,
0.10370664,
0.09218368,
0.097305,
0.097305,
0.09858533,
0.10114598,
0.10114598,
0.10370664,
0.10242631,
0.10242631,
0.10242631,
0.10370664,
0.10370664,
0.09986565,
0.09858533,
0.08066072,
0.08066072,
0.07425908,
0.07425908,
0.06657711,
0.06657711,
0.07810006,
0.07810006,
0.09346401,
0.09986565,
0.09986565,
0.09986565,
0.10242631,
0.10242631,
0.10242631,
0.10242631,
0.10242631,
0.10242631,
0.10370664,
0.10370664,
0.10242631,
0.09986565,
0.09986565,
0.10114598,
0.09474434,
0.09474434,
0.09474434,
0.09346401,
0.09346401,
0.097305,
0.09346401,
0.09346401,
0.10242631,
0.10242631,
0.10242631,
0.10242631,
0.10242631,
0.10242631,
0.10114598,
0.10114598,
0.10114598,
0.10114598,
0.10242631,
0.10242631,
0.09986565,
0.10242631,
0.10370664,
0.10370664,
0.10370664,
0.10370664,
0.10114598,
0.10114598,
0.10114598,
0.10242631,
0.10242631,
0.10242631,
0.10242631,
0.10114598,
0.10242631,
0.10242631,
0.10114598,
0.10370664,
0.10370664,
0.10242631,
0.10114598,
0.10114598,
0.10242631,
0.10242631,
0.10242631,
0.10242631,
0.10242631,
0.10242631,
0.10114598,
0.10114598,
0.10114598,
0.10242631,
0.10242631,
0.10242631,
0.10114598,
0.10114598,
0.10114598,
0.10114598,
0.10114598,
0.10114598,
0.10114598,
0.10242631,
0.10242631,
0.10242631,
0.10114598,
0.10242631,
0.10242631,
0.10114598,
0.10242631,
0.10242631,
0.10242631,
0.10370664,
0.10370664,
0.10370664,
0.10370664,
0.10370664,
0.10498697,
0.10498697,
0.10498697,
0.10370664,
0.10242631,
0.10242631,
0.10242631,
0.10370664,
0.10370664,
0.10242631,
0.10498697,
0.10498697,
0.10242631,
0.10114598,
0.10114598,
0.106267296,
0.10370664,
0.10370664,
0.10498697,
0.106267296,
0.106267296,
0.107547626,
0.107547626,
0.107547626,
0.106267296,
0.107547626,
0.107547626,
0.10370664,
0.10370664,
0.10370664,
0.10498697,
0.10370664,
0.10370664,
0.10498697,
0.107547626,
0.107547626,
0.106267296,
0.107547626,
0.107547626,
0.107547626,
0.107547626,
0.107547626,
0.107547626,
0.107547626,
0.107547626,
0.107547626,
0.107547626,
0.107547626,
0.107547626,
