
1.0469229,
1.0625486,
1.0000458,
1.0312972,
1.1875544,
0.87504005,
1.0469229,
1.0000458,
1.0625486,
1.0625486,
1.0625486,
1.0625486,
0.9062915,
0.96879435,
1.0312972,
1.2344315,
0.85941434,
0.9062915,
0.95316863,
0.8906658,
0.98442006,
1.0625486,
1.0938001,
1.0625486,
1.1094258,
1.0938001,
0.98442006,
0.98442006,
1.0781744,
1.0781744,
0.95316863,
1.0469229,
1.0625486,
1.0625486,
0.9062915,
0.96879435,
1.0312972,
1.1094258,
0.85941434,
0.8281629,
0.85941434,
1.0156715,
1.0469229,
1.0469229,
1.1563029,
0.98442006,
1.0156715,
1.0156715,
1.1719286,
1.0000458,
1.0938001,
1.0312972,
1.0781744,
1.0625486,
1.0312972,
1.0938001,
1.0938001,
1.0781744,
1.0469229,
1.0312972,
1.1094258,
0.96879435,
1.0312972,
1.0469229,
1.0781744,
0.96879435,
1.0000458,
1.0312972,
0.96879435,
0.96879435,
0.95316863,
0.92191726,
1.0156715,
0.95316863,
0.98442006,
0.98442006,
1.0469229,
0.9375429,
0.98442006,
0.9375429,
0.7969115,
0.85941434,
0.8437886,
0.8125372,
0.8906658,
0.9062915,
0.8906658,
1.0000458,
1.0000458,
1.0625486,
1.0469229,
0.9375429,
1.0000458,
1.0156715,
0.87504005,
0.9062915,
0.9062915,
0.92191726,
0.9375429,
1.0156715,
1.1094258,
0.95316863,
1.0156715,
1.0781744,
1.0000458,
0.96879435,
1.0469229,
0.9375429,
0.92191726,
0.98442006,
0.92191726,
1.0469229,
1.0469229,
1.0469229,
1.0469229,
1.0469229,
1.0469229,
1.0469229,
1.0469229,
1.0469229,
1.0469229,
1.0469229,
1.0469229,
1.0781744,
0.9375429,
0.96879435,
1.0469229,
1.0625486,
1.0312972,
1.1250515,
1.1250515,
1.1250515,
1.1250515,
1.1250515,
1.1250515,
1.1250515,
1.1406772,
1.1406772,
1.1406772,
1.1406772,
1.1406772,
1.1406772,
1.1406772,
1.1406772,
0.92191726,
0.95316863,
0.95316863,
1.0000458,
1.0938001,
1.1094258,
1.1094258,
1.1094258,
1.1094258,
1.1094258,
1.1094258,
1.1094258,
1.1250515,
1.0000458,
0.85941434,
0.85941434,
0.85941434,
0.85941434,
0.85941434,
0.85941434,
0.85941434,
0.85941434,
0.85941434,
0.85941434,
0.85941434,
0.85941434,
0.85941434,
0.85941434,
0.85941434,
0.85941434,
0.85941434,
0.85941434,
0.85941434,
0.85941434,
1.0938001,
1.1563029,
1.0781744,
1.0156715,
1.1250515,
1.0312972,
1.0156715,
1.1875544,
0.95316863,
1.0938001,
1.0312972,
1.0625486,
1.1094258,
0.98442006,
1.0938001,
1.1094258,
0.96879435,
1.1406772,
0.98442006,
0.98442006,
1.0938001,
1.0938001,
0.95316863,
0.95316863,
1.1563029,
1.1563029,
1.1563029,
1.1563029,
1.1563029,
1.1563029,
1.0625486,
0.96879435,
0.92191726,
0.95316863,
0.92191726,
0.9062915,
0.96879435,
1.0000458,
0.92191726,
1.0312972,
1.0625486,
0.98442006,
1.0312972,
1.1250515,
1.0625486,
1.0312972,
0.87504005,
0.96879435,
1.0000458,
1.0781744,
1.0625486,
0.92191726,
0.95316863,
0.9375429,
0.96879435,
0.8906658,
0.96879435,
1.0312972,
1.0938001,
1.0938001,
0.98442006,
1.0781744,
1.0781744,
1.0781744,
1.0469229,
0.98442006,
1.0625486,
1.0625486,
1.1094258,
1.1094258,
1.1094258,
1.1094258,
1.1094258,
1.1094258,
1.1094258,
1.1563029,
1.0625486,
1.0938001,
1.0312972,
1.0625486,
1.1250515,
1.0156715,
1.1250515,
1.2031801,
1.2031801,
1.0781744,
1.1250515,
1.0938001,
1.0781744,
1.1563029,
1.0781744,
1.1719286,
1.1719286,
1.0312972,
1.0625486,
1.1250515,
1.0000458,
1.0000458,
1.1094258,
1.1563029,
1.0000458,
1.1875544,
1.1250515,
1.0781744,
1.1563029,
1.0938001,
0.98442006,
1.0312972,
1.1563029,
0.9375429,
1.0938001,
1.1094258,
1.1094258,
1.0000458,
1.1406772,
1.0469229,
1.0000458,
1.0469229,
1.1250515,
0.96879435,
1.0781744,
1.1094258,
1.0469229,
1.0156715,
1.1094258,
1.1250515,
0.98442006,
0.85941434,
0.85941434,
0.85941434,
0.85941434,
0.85941434,
0.85941434,
0.85941434,
0.85941434,
0.85941434,
0.85941434,
0.85941434,
0.85941434,
0.85941434,
0.85941434,
0.85941434,
0.87504005,
0.87504005,
0.87504005,
0.87504005,
0.87504005,
0.87504005,
0.87504005,
0.87504005,
1.0625486,
1.0938001,
1.1406772,
1.1563029,
1.1563029,
1.0938001,
1.2188058,
1.0938001,
1.2031801,
1.1406772,
1.0938001,
1.0938001,
1.0938001,
1.0938001,
1.0938001,
1.0938001,
1.0938001,
1.0938001,
1.0938001,
1.0938001,
1.0938001,
1.0938001,
1.0938001,
1.0938001,
1.0938001,
1.0938001,
1.0938001,
1.0938001,
1.0938001,
1.0938001,
1.0938001,
1.0938001,
1.2813087,
1.2813087,
1.2813087,
1.2813087,
1.2813087,
1.2813087,
1.2813087,
1.2813087,
1.2813087,
1.2813087,
1.2813087,
1.2813087,
1.2813087,
1.2813087,
1.2813087,
1.2813087,
1.2813087,
1.2813087,
1.2813087,
1.2813087,
1.2813087,
1.2813087,
1.2813087,
1.2813087,
1.2813087,
1.2813087,
1.2813087,
1.2813087,
1.2813087,
1.2813087,
1.2813087,
1.2813087,
1.2813087,
1.2813087,
1.2813087,
1.2813087,
1.2813087,
1.2813087,
1.2813087,
1.2813087,
1.2813087,
1.2813087,
1.2813087,
1.2813087,
1.2813087,
1.2813087,
1.2813087,
1.2813087,
1.2813087,
1.2813087,
1.2813087,
1.2813087,
1.2813087,
1.2813087,
1.2813087,
1.2813087,
1.2813087,
1.2813087,
1.2813087,
1.2813087,
1.2813087,
1.2813087,
1.2813087,
1.2813087,
1.2813087,
1.2813087,
1.2813087,
1.2813087,
1.2813087,
1.2813087,
1.2813087,
1.2813087,
1.2813087,
1.2813087,
1.2813087,
1.2813087,
1.2813087,
1.2813087,
1.2813087,
1.2813087,
1.2813087,
1.2813087,
1.2813087,
1.2813087,
1.2813087,
1.2813087,
1.2813087,
1.2813087,
1.2813087,
1.2813087,
1.2813087,
1.2813087,
1.2813087,
1.2813087,
1.2813087,
1.2813087,
1.2813087,
1.2813087,
1.2813087,
1.2813087,
1.2813087,
1.2813087,
1.2813087,
1.2813087,
1.2813087,
1.2813087,
1.2813087,
1.2813087,
1.2813087,
1.2813087,
1.2813087,
1.2813087,
1.2813087,
1.2813087,
1.2813087,
1.2813087,
1.2813087,
1.2813087,
1.2813087,
1.2813087,
1.2813087,
1.2813087,
1.2813087,
1.2813087,
1.2813087,
1.2813087,
1.2813087,
1.2813087,
1.2813087,
1.2813087,
1.2813087,
1.2813087,
1.2813087,
1.2813087,
1.2813087,
1.2813087,
1.2813087,
1.2813087,
1.2813087,
1.2813087,
1.2813087,
1.2813087,
1.2813087,
1.2813087,
1.2813087,
1.2813087,
1.2813087,
1.2813087,
1.2813087,
1.2813087,
1.2813087,
1.2813087,
1.2813087,
1.2813087,
1.2813087,
1.2813087,
1.2813087,
1.2813087,
1.2813087,
1.2813087,
1.2813087,
1.2813087,
1.2813087,
1.2813087,
1.2813087,
1.2813087,
1.2813087,
1.2813087,
1.2813087,
1.2813087,
1.2813087,
1.2813087,
1.2813087,
1.2813087,
1.2813087,
1.2813087,
1.2813087,
1.2813087,
1.2813087,
1.2813087,
1.2813087,
1.2813087,
1.2813087,
1.2813087,
1.2813087,
1.2813087,
1.2813087,
1.2813087,
1.2813087,
1.2813087,
1.2813087,
1.2813087,
1.2813087,
1.2813087,
1.2813087,
1.2813087,
1.2813087,
1.2813087,
1.2813087,
1.2813087,
1.2813087,
1.2813087,
1.2813087,
1.2813087,
1.2813087,
1.2813087,
1.2813087,
1.2813087,
1.2813087,
1.2813087,
1.2813087,
1.2813087,
1.2813087,
1.2813087,
1.2813087,
1.2813087,
1.2813087,
1.2813087,
1.2813087,
1.2813087,
1.2813087,
1.2813087,
1.2813087,
1.2813087,
1.2813087,
1.2813087,
1.2813087,
1.2813087,
1.2813087,
1.2813087,
1.2813087,
1.2813087,
1.2813087,
1.2813087,
1.2813087,
1.2813087,
1.2813087,
1.2813087,
1.2813087,
1.2813087,
1.2813087,
1.2813087,
1.2813087,
1.2813087,
1.2813087,
1.2813087,
1.2813087,
1.2813087,
1.2813087,
1.2813087,
1.2813087,
1.2813087,
1.2813087,
1.2813087,
1.2813087,
1.2813087,
1.2813087,
1.2813087,
1.2813087,
1.2813087,
1.2813087,
1.2813087,
1.2813087,
1.2813087,
1.2813087,
1.2813087,
1.2813087,
1.2813087,
1.2813087,
1.2813087,
1.2813087,
1.2813087,
1.2813087,
1.2813087,
1.2813087,
1.2813087,
1.2813087,
1.2813087,
1.2813087,
1.2813087,
1.2813087,
1.2813087,
1.2813087,
1.2813087,
1.2813087,
1.2813087,
1.2813087,
1.2813087,
1.2813087,
1.2813087,
1.2813087,
1.2813087,
1.2813087,
1.2813087,
1.2813087,
1.2813087,
1.2813087,
1.2813087,
1.2813087,
1.2813087,
1.2813087,
0.35939145,
0.35939145,
0.35939145,
0.35939145,
0.35939145,
0.35939145,
0.35939145,
0.35939145,
0.35939145,
0.35939145,
0.35939145,
0.35939145,
0.35939145,
0.35939145,
0.87504005,
0.87504005,
0.87504005,
0.87504005,
1.1250515,
1.1250515,
1.1250515,
1.1250515,
1.1250515,
1.1250515,
1.1250515,
1.1250515,
1.1250515,
1.1250515,
1.1250515,
1.1250515,
1.1250515,
1.1250515,
1.1250515,
1.1250515,
1.1250515,
1.1250515,
1.1250515,
1.1250515,
1.1250515,
1.1250515,
1.1250515,
1.1250515,
1.1250515,
1.1250515,
1.1250515,
1.1250515,
1.1250515,
1.1250515,
1.1250515,
1.1250515,
1.1250515,
1.1250515,
1.1250515,
1.1250515,
1.1250515,
1.1250515,
1.1250515,
1.1250515,
1.1250515,
1.1250515,
1.1250515,
1.1250515,
1.1250515,
1.1250515,
1.1250515,
1.1250515,
1.1250515,
1.1250515,
1.1250515,
1.1250515,
1.1250515,
1.1250515,
1.1250515,
1.1250515,
1.1250515,
1.1250515,
1.1250515,
1.1250515,
1.1250515,
1.1250515,
1.1250515,
1.1250515,
1.1250515,
1.1250515,
1.1250515,
1.1250515,
1.1250515,
1.1250515,
1.1250515,
1.1250515,
1.1250515,
1.1250515,
1.1250515,
1.1250515,
1.1250515,
1.1250515,
1.1250515,
1.1250515,
1.1250515,
1.1250515,
1.1250515,
1.1250515,
1.1250515,
1.1250515,
1.1250515,
1.1250515,
1.1250515,
1.1250515,
1.1250515,
1.1250515,
1.1250515,
1.1250515,
1.1250515,
1.6094487,
1.6094487,
1.6094487,
1.6094487,
1.6094487,
1.6094487,
1.6094487,
1.6094487,
1.6094487,
1.6094487,
1.6094487,
1.6094487,
1.6094487,
1.6094487,
1.6094487,
1.6094487,
1.6094487,
1.6094487,
1.6094487,
1.6094487,
1.6094487,
1.6094487,
1.6094487,
1.6094487,
1.6094487,
1.6094487,
1.6094487,
1.6094487,
1.6094487,
1.6094487,
1.6094487,
1.6094487,
1.6094487,
1.6094487,
1.6094487,
1.6094487,
1.6094487,
1.6094487,
1.6094487,
1.6094487,
1.6094487,
1.6094487,
1.6094487,
1.6094487,
1.6094487,
1.6094487,
1.6094487,
1.6094487,
1.6094487,
1.6094487,
1.6094487,
1.6094487,
1.6094487,
1.6094487,
1.6094487,
1.6094487,
1.6094487,
1.6094487,
1.6094487,
1.6094487,
1.6094487,
1.6094487,
1.6094487,
1.6094487,
1.6094487,
1.6094487,
1.6094487,
1.6094487,
1.6094487,
1.6094487,
1.6094487,
1.6094487,
1.6094487,
1.6094487,
1.6094487,
1.6094487,
1.6094487,
1.6094487,
1.6094487,
1.6094487,
1.6094487,
1.6094487,
1.6094487,
1.6094487,
1.6094487,
1.6094487,
1.6094487,
1.6094487,
1.6094487,
1.6094487,
1.6094487,
1.6094487,
1.6094487,
1.6094487,
1.6094487,
1.6094487,
1.6094487,
1.6094487,
1.6094487,
1.6094487,
1.6094487,
1.6094487,
1.6094487,
1.6094487,
1.6094487,
1.6094487,
1.6094487,
1.6094487,
1.6094487,
1.6094487,
1.6094487,
1.6094487,
1.6094487,
1.6094487,
1.6094487,
1.6094487,
1.6094487,
1.6094487,
1.6094487,
1.6094487,
1.6094487,
1.6094487,
1.6094487,
0.45314574,
0.45314574,
0.45314574,
0.45314574,
0.45314574,
0.45314574,
0.45314574,
0.45314574,
0.45314574,
0.45314574,
0.45314574,
0.45314574,
0.45314574,
0.45314574,
0.45314574,
0.45314574,
0.45314574,
0.45314574,
0.45314574,
0.45314574,
0.45314574,
0.45314574,
0.45314574,
0.45314574,
0.45314574,
0.45314574,
0.45314574,
0.45314574,
0.6250286,
0.6250286,
0.6250286,
0.6250286,
0.6250286,
0.6250286,
0.6250286,
0.6250286,
0.6250286,
0.6250286,
0.6250286,
0.6250286,
0.6250286,
0.6250286,
0.6250286,
0.6250286,
0.6250286,
0.6250286,
0.6250286,
0.6250286,
0.6250286,
0.6250286,
0.6250286,
0.6250286,
0.6250286,
0.6250286,
0.6250286,
0.6250286,
0.6250286,
0.6250286,
0.6250286,
0.6250286,
0.6250286,
0.6250286,
0.6250286,
0.6250286,
0.6250286,
0.6250286,
0.6250286,
0.6250286,
0.6250286,
0.6250286,
0.6250286,
0.6250286,
0.6250286,
0.6250286,
0.6250286,
0.6250286,
0.6250286,
0.6250286,
0.6250286,
0.6250286,
0.6250286,
0.6250286,
0.6250286,
0.6250286,
0.6250286,
0.6250286,
0.6250286,
0.6250286,
0.6250286,
0.6250286,
0.6250286,
0.6250286,
0.6250286,
0.6250286,
0.6250286,
0.6250286,
0.6250286,
0.6250286,
0.6250286,
0.6250286,
0.6250286,
0.6250286,
0.6250286,
0.6250286,
0.6250286,
0.6250286,
0.6250286,
0.6250286,
0.6250286,
0.6250286,
0.6250286,
0.6250286,
0.6250286,
0.6250286,
0.6250286,
0.6250286,
0.6250286,
0.6250286,
0.6250286,
0.6250286,
0.6250286,
0.6250286,
0.6250286,
0.6250286,
0.6250286,
0.6250286,
0.6250286,
0.6250286,
0.6250286,
0.6250286,
0.6250286,
0.6250286,
0.6250286,
0.6250286,
0.6250286,
0.6250286,
0.6250286,
0.6250286,
0.6250286,
0.6250286,
0.6250286,
0.6250286,
0.6250286,
0.6250286,
0.6250286,
0.6250286,
0.6250286,
0.6250286,
0.6250286,
0.6250286,
0.6250286,
0.6250286,
0.6250286,
0.6250286,
0.6250286,
0.6250286,
0.6250286,
0.6250286,
0.6250286,
0.6250286,
0.6250286,
0.6250286,
0.6250286,
0.6250286,
0.6250286,
0.6250286,
0.6250286,
0.6250286,
0.6250286,
0.6250286,
0.6250286,
0.6250286,
0.6250286,
0.6250286,
0.6250286,
0.6250286,
0.6250286,
0.6250286,
0.6250286,
0.6250286,
0.6250286,
0.6250286,
0.6250286,
0.6250286,
0.6250286,
0.6250286,
0.6250286,
0.6250286,
0.6250286,
0.6250286,
0.6250286,
0.6250286,
0.6250286,
0.6250286,
0.6250286,
0.6250286,
0.6250286,
0.6250286,
0.6250286,
0.6250286,
0.6250286,
0.6250286,
0.6250286,
0.6250286,
0.6250286,
0.6250286,
0.6250286,
0.6250286,
0.6250286,
0.6250286,
0.6250286,
0.6250286,
0.6250286,
0.6250286,
0.6250286,
0.6250286,
0.6250286,
0.6250286,
0.6250286,
0.6250286,
0.6250286,
0.6250286,
0.6250286,
0.6250286,
0.6250286,
0.6250286,
0.6250286,
0.6250286,
0.6250286,
0.6250286,
0.6250286,
0.6250286,
0.6250286,
0.6250286,
0.6250286,
0.6250286,
0.6250286,
0.6250286,
0.6250286,
0.6250286,
0.6250286,
0.6250286,
0.6250286,
0.6250286,
0.6250286,
0.6250286,
0.6250286,
0.6250286,
0.6250286,
0.6250286,
0.6250286,
0.6250286,
0.6250286,
0.6250286,
0.6250286,
0.6250286,
0.6250286,
0.6250286,
0.6250286,
0.6250286,
0.6250286,
0.6250286,
0.6250286,
0.6250286,
0.6250286,
0.6250286,
0.6250286,
0.6250286,
0.6250286,
0.6250286,
0.6250286,
0.6250286,
0.6250286,
0.6250286,
0.6250286,
0.6250286,
0.6250286,
0.6250286,
0.6250286,
0.6250286,
0.6250286,
0.6250286,
0.6250286,
0.6250286,
0.6250286,
0.6250286,
0.6250286,
0.6250286,
0.6250286,
0.6250286,
0.6250286,
0.6250286,
0.6250286,
0.6250286,
0.6250286,
0.6250286,
0.6250286,
0.6250286,
0.6250286,
0.6250286,
0.6250286,
0.6250286,
0.6250286,
0.6250286,
0.6250286,
0.6250286,
0.6250286,
0.6250286,
0.6250286,
0.6250286,
0.6250286,
0.6250286,
0.6250286,
0.6250286,
0.6250286,
0.6250286,
0.6250286,
0.6250286,
0.6250286,
0.6250286,
0.6250286,
0.6250286,
0.6250286,
0.6250286,
0.6250286,
0.6250286,
0.6250286,
0.6250286,
0.6250286,
0.6250286,
0.6250286,
0.6250286,
0.6250286,
0.6250286,
0.6250286,
0.6250286,
0.6250286,
0.6250286,
0.6250286,
0.6250286,
0.6250286,
0.6250286,
0.6250286,
0.6250286,
0.6250286,
0.6250286,
0.6250286,
0.6250286,
0.6250286,
0.6250286,
0.6250286,
0.6250286,
0.6250286,
0.6250286,
0.6250286,
0.6250286,
0.6250286,
0.6250286,
0.6250286,
0.6250286,
0.6250286,
0.6250286,
0.6250286,
0.6250286,
0.6250286,
0.6250286,
0.6250286,
0.6250286,
0.6250286,
0.6250286,
0.6250286,
0.6250286,
0.6250286,
0.6250286,
0.6250286,
0.6250286,
0.6250286,
0.6250286,
0.6250286,
0.6250286,
0.6250286,
0.6250286,
0.6250286,
0.6250286,
0.6250286,
0.6250286,
0.6250286,
0.6250286,
0.6250286,
0.6250286,
0.6250286,
0.6250286,
0.6250286,
0.6250286,
0.6250286,
0.6250286,
0.6250286,
0.6250286,
0.6250286,
0.6250286,
0.6250286,
0.6250286,
0.6250286,
0.6250286,
0.6250286,
0.6250286,
0.6250286,
0.6250286,
0.6250286,
0.6250286,
0.6250286,
0.4062686,
0.46877146,
0.43752003,
0.43752003,
0.43752003,
0.43752003,
0.43752003,
0.43752003,
0.43752003,
0.43752003,
0.43752003,
0.43752003,
0.43752003,
0.43752003,
0.43752003,
0.43752003,
0.43752003,
0.43752003,
0.43752003,
0.43752003,
0.43752003,
0.43752003,
0.43752003,
0.43752003,
0.43752003,
0.43752003,
0.43752003,
0.43752003,
0.43752003,
0.43752003,
0.43752003,
0.43752003,
0.43752003,
0.43752003,
0.43752003,
0.43752003,
0.43752003,
0.43752003,
0.43752003,
0.43752003,
0.43752003,
0.43752003,
0.43752003,
0.43752003,
0.43752003,
0.43752003,
0.43752003,
0.43752003,
0.43752003,
0.43752003,
0.43752003,
0.43752003,
0.43752003,
0.43752003,
0.43752003,
0.43752003,
0.43752003,
0.43752003,
0.43752003,
0.43752003,
0.43752003,
0.43752003,
0.43752003,
0.43752003,
0.43752003,
0.43752003,
0.43752003,
0.43752003,
0.43752003,
0.43752003,
0.43752003,
0.43752003,
0.43752003,
0.43752003,
0.43752003,
0.43752003,
0.43752003,
0.43752003,
0.43752003,
0.43752003,
0.43752003,
0.43752003,
0.43752003,
0.43752003,
0.43752003,
0.43752003,
0.43752003,
0.43752003,
0.43752003,
0.43752003,
0.43752003,
0.43752003,
0.43752003,
0.43752003,
0.43752003,
0.43752003,
0.43752003,
0.43752003,
0.43752003,
0.43752003,
0.43752003,
0.43752003,
0.43752003,
0.43752003,
0.43752003,
0.43752003,
0.43752003,
0.43752003,
0.43752003,
0.43752003,
0.43752003,
0.43752003,
0.43752003,
0.43752003,
0.43752003,
0.43752003,
0.43752003,
0.43752003,
0.43752003,
0.43752003,
0.43752003,
0.43752003,
0.43752003,
0.43752003,
0.43752003,
0.43752003,
0.43752003,
0.43752003,
0.43752003,
0.43752003,
0.43752003,
0.43752003,
0.43752003,
0.43752003,
0.43752003,
0.43752003,
0.43752003,
0.43752003,
0.43752003,
0.43752003,
0.43752003,
0.43752003,
0.43752003,
0.43752003,
0.43752003,
0.43752003,
0.43752003,
0.43752003,
0.43752003,
0.43752003,
0.43752003,
0.43752003,
0.43752003,
0.43752003,
0.43752003,
0.43752003,
0.43752003,
0.43752003,
0.43752003,
0.43752003,
0.43752003,
0.43752003,
0.43752003,
0.43752003,
0.43752003,
0.43752003,
0.43752003,
0.43752003,
0.43752003,
0.43752003,
0.43752003,
0.43752003,
0.43752003,
0.43752003,
0.43752003,
0.43752003,
0.43752003,
0.43752003,
0.43752003,
0.43752003,
0.43752003,
0.43752003,
0.43752003,
0.43752003,
0.43752003,
0.43752003,
0.43752003,
0.43752003,
0.43752003,
0.43752003,
0.43752003,
0.43752003,
0.43752003,
0.43752003,
0.43752003,
0.43752003,
0.43752003,
0.43752003,
0.43752003,
0.43752003,
0.43752003,
0.43752003,
0.43752003,
0.43752003,
0.43752003,
0.43752003,
0.43752003,
0.43752003,
0.43752003,
0.43752003,
0.43752003,
0.43752003,
0.43752003,
0.43752003,
0.43752003,
0.43752003,
0.43752003,
0.43752003,
0.43752003,
0.43752003,
0.43752003,
0.43752003,
0.43752003,
0.43752003,
0.43752003,
0.43752003,
0.43752003,
0.43752003,
0.43752003,
0.43752003,
0.43752003,
0.43752003,
0.43752003,
0.43752003,
0.43752003,
0.43752003,
0.43752003,
0.43752003,
0.43752003,
0.43752003,
0.43752003,
0.43752003,
0.43752003,
0.43752003,
0.43752003,
0.43752003,
0.43752003,
0.43752003,
0.43752003,
0.43752003,
0.43752003,
0.43752003,
0.43752003,
0.43752003,
0.43752003,
0.43752003,
0.43752003,
0.43752003,
0.43752003,
0.43752003,
0.43752003,
0.43752003,
0.43752003,
0.43752003,
0.43752003,
0.43752003,
0.43752003,
0.43752003,
0.43752003,
0.43752003,
0.43752003,
0.43752003,
0.43752003,
0.43752003,
0.43752003,
0.43752003,
0.43752003,
0.43752003,
0.43752003,
0.43752003,
0.43752003,
0.43752003,
0.43752003,
0.43752003,
0.43752003,
0.43752003,
0.43752003,
0.43752003,
0.43752003,
0.43752003,
0.43752003,
0.43752003,
0.43752003,
0.43752003,
0.43752003,
0.43752003,
0.43752003,
0.43752003,
0.43752003,
0.43752003,
0.43752003,
0.43752003,
0.43752003,
0.43752003,
0.43752003,
0.43752003,
0.43752003,
0.43752003,
0.43752003,
0.43752003,
0.43752003,
0.43752003,
0.43752003,
0.43752003,
0.43752003,
0.43752003,
0.43752003,
0.43752003,
0.43752003,
0.43752003,
0.43752003,
0.43752003,
0.43752003,
0.43752003,
0.43752003,
0.43752003,
1.2031801,
1.2031801,
1.2031801,
1.2031801,
1.2031801,
1.2031801,
1.2031801,
1.2031801,
1.2031801,
1.2031801,
1.2031801,
1.2031801,
1.2031801,
1.2031801,
1.2031801,
1.2031801,
1.2031801,
1.2031801,
1.2031801,
1.2031801,
1.2031801,
1.2031801,
1.2031801,
1.2031801,
1.2031801,
1.2031801,
1.2031801,
1.2031801,
1.2031801,
1.2031801,
1.2031801,
1.2031801,
1.2031801,
1.2031801,
1.2031801,
1.2031801,
1.2031801,
